1 STEPHEN CURRY 33 WARRIORS USA GUARD 63 37 26 2152 2015 363 345 658 1365 48 337 801 42 362 395 91 77 8 213
2 ANDREW WIGGINS 26 WARRIORS CANADA FORWARD 71 38 33 2364 1320 167 347 505 1058 47.7 140 368 38.0 170 238 71.4	67 70 126
3 KELLY OUBRE_JR 25 WARRIORS USA FORWARD-GUARD 55 27 28 1688 849 73 329 318 724 43.9 90 285 31.6 123 177 69.5 57 42 70
4 JORDAN POOLE 22 WARRIORS USA GUARD 51 28 23 988 612 99 92 205 474 43.2 97 276 35.1 105 119 88.2 26 9 51
5 KENT BAZEMORE 31 WARRIORS USA GUARD-FORWARD 67 35 32 1334 481 108 229 176 392 44.9 75 184 40.8 54 78 69.2 69 33 82
6 JAMES WISEMAN 20 WARRIORS USA CENTER 39 18 21 836 448 26 226 191 368 51.9 12 38 31.6 54 86 62.8 11 36 60
7 DRAYMOND GREEN 31 WARRIORS USA FORWARD 63 35 28 1982 444 558 448 170 380 44.7 34 126 27.0 70 88 79.5 105 52 188
8 ERIC PASCHAL 24 WARRIORS USA FORWARD 40 20 20 695 381 51 128 148 298 49.7 18 54 33.3 67 94 71.3 12 7 43
9 DAMION LEE 28 WARRIORS USA GUARD-FORWARD 57 28 29 1079 373 73 180 128 274 46.7 77 194 39.7 40 44 90.9 38 8 30
10 MYCHAL MULDER 27 WARRIORS CANADA GUARD 60 33 27 766 337 26 60 265 44.9 85 214 39.7 14 22 63.6 12 12 16
11 JUAN TUSCANO-ANDERSON 28 WARRIORS USA FORWARD 53 28 25 1107 301 150 235 121 209 57.9 37 92 40.2 22 31 71.0 41 26 61
12 KEVON LOONEY 25 WARRIORS USA FORWARD 61 34 27 1161 251 119 322 108 197 54.8 4 17 23.5 31 48 64.6 41 26 61
13 DONOVAN MITCHELL 24 JAZZ USA GUARD 53 39 14 1771 1401 277 235 478 1091 43.8 178 461 38.6 267 316 84.5 52 15 147
14 JORDAN CLARKSON 29 JAZZ USA GUARD 68 49 19 1818 1251 168 274 457	1075 42.5 208 599 34.7 129 144 89.6 61 10 115
15 BOJAN BOGDANOVIC 32 JAZZ CROATIA FORWARD 72 52 20 2216 1225 136 281 406 925 43.9 180 461 39.0 233 265 87.9 45 4 128
16 RUDY GOBERT 28 JAZZ FRANCE CENTER 71 52 19 2187 1015 89 960 391 579 67.5 0 4 0.0 233 374 62.3 40 190 118
17 MIKE CONLEY 33 JAZZ USA GUARD 51 37 14 1498 827 305 177 284 640 44.4 138 335 41.2 121 142 85.2 70 9 99
18 JOE INGLES 33 JAZZ AUSTRALIA FORWARD-GUARD 67 47 20 1867 809 318 244 275 562 48.9 183 406 45.1 76 90 84.4 45 12 117
19 GEORGES NIANG 28 JAZZ USA FORWARD 72 52 20 1154 500 59 176 177 405 43.7 124 292 42.5 22 23 95.7 25 8 51
20 ROYCE O'NEALE 28 JAZZ USA FORWARD 71 51 20 2240 496 181 485 175 394 44.4 107 278 38.5 39 46 84.8 57 32 83
21 DERRICK FAVORS 29 JAZZ USA FORWARD 68 49 19 1039 369 44 376 155 243 63.8 0 2 0.0 59 80 73.8 32 68 36
22 MIYE ONI 23 JAZZ USA GUARD-FORWARD 54 45 9 519 105 28 84 35 99 35.4 30 88 34.1 5 6 83.3 11 8 16
23 TRENT FORREST 23 JAZZ USA GUARD 30 22 8 302 88 45 44 32 71 45.1 5 26 19.2 19 19 100 9 4 21
24 MATT THOMAS 26 JAZZ USA GUARD 19 14 5 134 68 10 23 26 65 40.0 10 39 25.6 6 7 85.7 2 0 8
25 DEVIN BOOKER 24 SUNS USA GUARD 67 48 19 2270 1712 289 281 623 1287 48.4 126 371 34.0 340 392 86.7 53 16 207
26 CHRIS PAUL 36 SUNS USA GUARD 70 49 21 2200 1149 622 312 439 879 49.9 102 258 39.5 169 181 93.4 99 19 156
27 DEANDRE AYTON 22 SUNS BAHAMAS CENTER 69 48 21 2115 997 99 727 430 687 62.6 4 20 20.0 133 173 76.9 41 81 103
28 MIKAL BRIDGES 24 SUNS USA FORWARD 72 51 21 2348 970 152 309 363 669 54.3 134 315 42.5 110 131 84.0 76 63 57
29 JAE CROWDER 30 SUNS USA FORWARD 60 42 18 1648 603 127 282 199 492 40.4 148 380 38.9 57 75 76.0 48 27 55
30 CAMERON JOHNSON 25 SUNS USA FORWARD 60 43 17 1437 573 86 199 203 483 42.0 117 335 34.9 50 59 84.7 37 16 40
31 CAMERON PAYNE 26 SUNS USA GUARD 60 42 18 1079 505 217 144 191 395 48.4 73 166 44.0 50 56 89.3 36 16 60
32 DARIO SARIC 27 SUNS CROATIA FORWARD-CENTER 50 37 13 870 437 65 190 153 342 44.7 47 135 34.8 84 99 84.8 30 4 57
33 FRANK KAMINSKY 28 SUNS USA FORWARD-CENTER 77 33 14 715 248 79 188 121 257 47.1 31 85 36.5 37 60 61.7 14 17 22
34 JEVON CARTER 25 SUNS USA GUARD 60 42 18 717 248 71 92 94	223 42.2 56 151 37.1 4 7 57.1 29 9 16
35 TORREY CRAIG 30 USA FORWARD 32 24 8 602 229 33 154 91 181 50.3 31 84 36.9 16 20 80.0 19 20 20
36 LANGSTON GALLOWAY 29 SUNS USA GUARD 40 29 11 438 190 26 42 66 147 44.9 36 85 42.4 22 23 95.7 8 0 13
37 JAYSON TATUM 23 CELTICS USA FORWARD-GUARD 64 34 30 2290 1692 276 472 605 1318 45.9 187 485 38.6 295 340 86.8 75 31 171
38 JAYLEN BROWN 24 CELTICS USA GUARD-FORWARD 58 30 28 1999 1430 195 347 538 1111 48.4 163 411 39.7 191 250 76.4 72 32 158
39 KEMBA WALKER 31 CELTICS USA GUARD 43 22 21 1369 829 212 170 284 676 42.0 127 353 36.0 134 149 89.9 48 12 88
40 MARCUS SMART 27 CELTICS USA GUARD 48 24 24 1581 627 273 167 203	510	39.8 93	282	33.0 128 162 79.0 72 23 96
41 PAYTON PRITCHARD 23 CELTICS USA GUARD 66 33	33 1268 510	120 158 184	418	44.0 102 248 41.1 40 45 88.9 37 9 53
42 ROBERT WILLIAMS_III 23 CELTICS USA CENTER-FORWARD 52 29 23 985 417 94 358 186 258 72.1 0 2 0.0 45 73 61.6 43 91 52
43 TRISTAN THOMPSON 30 CELTICS CANADA CENTER-FORWARD 54 27	27 1287 409 67 439 169 326 51.8 0 3 0.0 71 120 59.2 24 33 62
44 DANIEL THEIS 29 CELTICS GERMANY FORWARD-CENTER 42 20 22 1027 397 67 220 159	288	55.2 33 95 34.7 46 67 68.7 25 43 41
45 GRANT WILLIAMS 22 CELTICS USA FORWARD 63 30 33 1138	294 64 178 108 247 43.7 48 129 37.2 30 51 58.8 32 24 56
46 SEMI OJELEYE 26 CELTICS USA FORWARD 56 28 28 950 260 37 147 89 221 40.3 58 158 36.7 24 32 75.0 17 0 21
47 JEFF TEAGUE 33 CELTICS USA GUARD 34 15 19 616 233 73 57 78 188 41.5	26 56 46.4 51 61 83.6 26 7 39
48 AARON NESMITH 21 CELTICS USA GUARD-FORWARD 46 22 24 669 218 23 127 78 178 43.8 40 108 37.0 22 28 78.6 15 9 23
49 KYRIE IRVING 29 NETS AUSTRALIA GUARD 54 36 18 1886 1451 324 257 549 1086 50.6 152 378 40.2 201 218 92.2 76 37 130
50 JOE HARRIS 29 NETS USA GUARD-FORWARD 69 45 24 2142 974 130 248 357 707 50.5 211 444 47.5 49 63 77.8 46 14 62
51 KEVIN DURANT 32 NETS USA FORWARD 35 23 12 1157 943 195 247 324 603 53.7 85 189 45.0 210 238 88.2 25 45 120
52 JAMES HARDEN 31 NETS USA GUARD 36 29 7 1319 885 392 307 282 599 47.1 96 262 36.6 225 263 85.6 46 27 143
53 JEFF GREEN 34 NETS USA FORWARD 68 44 24 1835 750 108 263 261 530 49.2 103 250 41.2 125 161 77.6 36 27 54
54 BRUCE BROWN 24 NETS USA GUARD-FORWARD 65 45 20 1451 573 104 349 235 423 55.6 17 59 28.8 86 117 73.5 58 28 54
55 LANDRY SHAMET 24 NETS USA GUARD 61 39 22 1403 567 99 112 186 456 40.8 129 333 38.7 66 78 84.6 31 10 48
56 DEANDRE JORDAN 32 NETS USA CENTER 57 37 20 1246 426 93 427 190 249 76.3 0 1 0.0 46 92 50.0 17 65 85
57 TIMOTHE LUWAWU-CABARROT 26 NETS FRANCE GUARD-FORWARD 58 38 20 1050 370 69 129 130 356 36.5 75 239 31.4 35 43 81.4 33 6 43
58 BLAKE GRIFFIN 32 NETS USA FORWARD 26 18 8 560 260 63 121 93 189 49.2 31 81 38.3 43 55 78.2 18 13 30
59 CARIS LEVERT 26 NETS USA GUARD 12 6 6 334 222 72 52 87 200 43.5 22 63 34.9 26 34 76.5 13 6 26
60 NICOLAS CLAXTON 22 NETS USA FORWARD-CENTER 32 23 9 594 212 28 166 90 145 62.1 1 5 20.0 31 64 48.4 23 40 18
61 JULIUS RANDLE 26 KNICKS USA FORWARD-CENTER 71 40 31 2667 1712 427 724 602 1321 45.6 160 389 41.1 348 429 81.1 64 18 241
62 RJ BARRET 21 KNICKS CANADA FORWARD-GUARD 72 41 31 2511 1264 217 414 467 1060 44.1 124 309 40.1 206 276 74.6 53 20 139
63 IMMANUEL QUICKLEY 22 KNICKS USA GUARD 64 37 27 1243 731 127 137 229 580 39.5 118 303 38.9 155 174 89.1 30 12 58
64 REGGIE BULLOCK 30 KNICKS USA GUARD-FORWARD 65 38 27 1949 709 99 223 248 561 44.2 163 398 41.0 50 55 90.9 52 11 45
65 ELFRID PAYTON 27 KNICKS USA GUARD 63 36 27 1484 639 203 216 269 622 43.2 28 98 28.6 73 107 68.2 47 9 103
66 ALEC BURKS 29 KNICKS USA GUARD 49 27 22 1255 623 107 227 210 500 42.0 102 246 41.5 101 118 85.6 31 14 49
67 DERRICK ROSE 32 KNICKS USA GUARD 35 24 11 937 521 146 101 208 427 48.7 37 90 41.1 68 77 88.3 31 15 49
68 NERLENS NOEL 27 KNICKS USA CENTER-FORWARD 64 35 29 1547 324 46 407 137 223 61.4 0 3 0.0 50 70 71.4 70 141 65
69 MITCHELL ROBINSON 23 KNICKS USA CENTER-FORWARD 31 15 16 853 256 17 252 115 176 65.3 0 0 0.0 26 53 49.1 35 45 26
70 OBI TOPPIN 23 KNICKS USA FORWARD 62 36 26 683 253 29 138 104 209 49.8 26 85 30.6 19 26 73.1 17 15 23
71 TAJ GIBSON 36 KNICKS USA FORWARD 45 29 16 936 241 36 250 99 158 62.7 3 15 20.0 40 55 72.7 31 49 22
72 KEVIN KNOX_II 21 KNICKS USA FORWARD 42 26 16 464 163 61 19 56 143 39.2 35 89 39.3 16 20 80.0 12 6 17
73 JOEL EMBIID 27 76ERS CAMEROON CENTER-FORWARD 51 39 12 1585 1451 145 539 461 899 51.3 58 154 37.7 471 548 85.9 50 69 159
74 TOBIAS HARRIS 28 76ERS USA FORWARD 62 44 18 2014 1210 220 419 473 924 51.2 82 208 39.4 182 204 89.2 55 51 107
75 BEN SIMMONS 24 76ERS AUSTRALIA GUARD-FORWARD 58 42 16 1877 829 401 417 325 583 55.7 3 10 30.0 176 287 61.3 93 35 173
76 SHAKE MILTON 24 76ERS USA GUARD-FORWARD 63 46 17 1461 817 193 148 300 667 45.0 71 203 35.0 146 176 83.0 39 18 103
77 SETH CURRY 30 76ERS USA GUARD 57 39 18 1638 711 155 136 258 552 46.7 126 280 45.0 69 77 89.6 44 8 65
78 DANNY GREEN 34 76ERS USA GUARD 69 46 23 1934 654 118 260 224 544 41.2 175 432 40.5 31 40 77.5 92 56 67
79 FURKAN KORKMAZ 23 76ERS TURKEY GUARD-FORWARD 55 39 16 1062 501 82 113 170 424 40.1 101 269 37.5 60 82 73.2 49 9 46
80 TYRESE MAXY 20 76ERS USA GUARD 61 41 20 936 488 120 104 198 429 46.2 31 103 30.1 61 70 87.1 26 13 41
81 DWIGHT HOWARD 35 76ERS USA CENTER-FORWARD 69 46 23 1196 482 61 580 178 303 58.7 5 20 25.0 121 210 57.6 30 62 112
82 MATISSE THYBULLE 24 76ERS USA GUARD-FORWARD 65 46 19 1298 255 63 124 102 243 42.0 43 143 30.1 8 18 44.4 105 71 32
83 MIKE SCOTT 32 76ERS USA FORWARD 51 35 16 852 213 19 40 76 211 36.0 53 155 34.2 8 12 66.7 24 14 19
84 ISAIAH JOE 21 76ERS USA GUARD 41 22 19 383 153 20 36 48 133 36.1 39 106 36.8 18 24 75.0 12 4 11
85 PASCAL SIAKAM 27 RAPTORS CAMEROON FORWARD 56 21 35 2006 1196 250 405 437 961 45.5 73 246 29.7 249 301 82.7 64 37 130
86 FRED VANVLEET 27 RAPTORS USA GUARD 52 22 30 1899 1019 328 220 338 870 38.9 174 476 36.6 169 191 88.5 87 37 95
87 NORMAN POWELL 28 RAPTORS USA GUARD 42 17 25 1277 823 77 126 282 566 49.8 118 269 43.9 141 163 86.5 47 8 77
88 CHRIS BOUCHER 28 RAPTORS SAINT_LUCIA FORWARD-CENTER 60 25 35 1453 818 63 404 288 560 51.4 90 235 38.3 152 193 78.8 35 111 46
89 KYLE LOWRY 35 RAPTORS USA GUARD 46 15 31 1602 791 338 247 260 596 43.6 131 331 39.6 140 160 87.5 45 14 126
90 OG ANUNOBY 23 RAPTORS UK FORWARD 43 18 25 1433 682 94 237 249 519 48.0 104 261 39.8 80 102 78.4 66 32 75
91 MALACHI FLYNN 23 RAPTORS USA GUARD 47 21 26 928 353 137 116 127 340 37.4 54 168 32.1 45 56 80.4 38 7 43
92 ARON BAYNES 34 RAPTORS AUSTRALIA CENTER-FORWARD 53 20 33 980 324 47 273 134 304 44.1 27 103 26.2 29 41 70.7 17 22 46
93 DEANDRE BEMBRY 26 RAPTORS USA GUARD-FORWARD 51 23 28 972 293 107 146 117 228 51.3 14 53 26.4 45 66 68.2 53 18 71
94 GARY TRENT_JR. 22 RAPTORS USA GUARD-FORWARD 17 5 12 540 275 22 61 103 261 39.5 44 124 35.5 25 31 80.6 19 4 12
95 STANLEY JOHNSON 25 RAPTORS USA FORWARD-GUARD 61 25 36 1006 267 89 153 89 233 38.2 45 137 32.8 44 55 80.0 52 18 54
96 TERENCE DAVIS 24 RAPTORS USA GUARD 34 15 19 493 234 37 66 87 210 41.4 44 122 36.1 16 18 88.9 17 7 29
97 ZACH LAVINE 26 BULLS USA GUARD-FORWARD 58 26 32 2034 1591 282 289 569 1123 50.7 200 477 41.9 253 298 84.9 46 27 203
98 COBY WHITE 21 BULLS USA GUARD 69 30 39 2156 1041 328 284 375 902 41.6 163 454 35.9 128 142 90.1 38 15 156
99 THADDEUS YOUNG 33 BULLS USA FORWARD 68 30 38 1652 823 291 423 370 662 55.9 12 45 26.7 71 113 62.8 74 40 137
100 LAURI MARKKANEN 24 BULLS FINLAND FORWARD-CENTER 51 20 31 1317 695 45 268 250 521 48.0 119 296 40.2 76 92 82.6 26 15 52
101 PATRICK WILLIAMS 19 BULLS USA FORWARD 71 30 41 1983 655 99 327 255 528 48.3 54 138 39.1 91 125 72.8 64 46 98
102 NIKOLA VUCEVIC 30 BULLS MONTENEGRO CENTER 26 11 15 848 559 102 300 230 488 47.1 59 152 38.8 40 46 87.0 23 20 43
103 TOMAS SATORANSKY 29 BULLS CZECH_REPUBLIC GUARD 58 25 33 1307 447 271 142 169 329 51.4 42 118 35.6 67 79 84.8 40 14 96
104 GARRET TEMPLE 35 BULLS USA GUARD-FORWARD 56 25 31 1528 423 124 160 158 381 41.5 67 200 33.5 40 50 80.0 43 30 58
105 DENZEL VALENTINE 27 BULLS USA GUARD 62 26 36 1036 406 105 197 155 416 37.3 80 242 33.1 16 17 94.1 30 7 42
106 WENDELL CARTER_JR 22 BULLS USA CENTER-FORWARD 32 15 17 792 348 69 250 129 252 51.2 8 22 36.4 82 111 73.9 18 24 49
107 OTTO PORTER_JR 28 BULLS USA FORWARD 25 10 15 540 247 50 138 89 202 44.1 38 95 40.0 31 37 83.8 12 4 25
108 DANIEL THEIS 29 BULLS GERMANY FORWARD-CENTER 23 8 15 574 230 41 136 93 178 52.2 16 57 28.1 28 43 65.1 16 14 25
109 COLLIN SEXTON 22 CAVALIERS USA GUARD 60 18 42 2115 1460 262 187 525 1105 47.5 98 264 37.1 312 383 81.5 62 10 167
110 DARIUS GARLAND 21 CAVALIERS USA GUARD 54 18 36 1790 941 329 129 362 802 45.1 105 266 39.5 112 132 84.8 66 6 164
111 JARETT ALLEN 23 CAVALIERS USA CENTER 51 14 37 1544 672 86 506 254 417 60.9 6 19 31.6 158 229 69.0 25 71 78
112 ISAAAC OKORO 20 CAVALIRES USA FORWARD-GUARD 67 20 47 2173 646 128 206 235 559 42.0 62 214 29.0 114 157 72.6 62 24 86
113 CEDI OSMAN 26 CAVALIERS TURKEY FORWARD 59 17 42 1511 613 174 201 219 586 37.4 99 324 30.6 76 95 80.0 53 9 80
114 ANDRE DRUMMOND 27 CAVALIERS USA CENTER 25 9 16 722 437 64 337 180 380 47.4 0 8 0.0 77 129 59.7 40 29 81
115 DEAN WADE 24 CAVALIERS USA FORWARD-CENTER 63 19 44 1212 376 74 215 134 311 43.1 78 213 36.6 30 39 76.9 35 21 30
116 LARRY NANCE_JR. 28 CAVALIERS USA FORWARD_CENTER 35 13 22 1091 327 107 235 128 272 47.1 41 114 36.0 30 49 61.2 61 17 55
117 DAMYEAN DOTSON 27 CAVALIERS USA GUARD 46 14 32 907 308 91 93 119 293 40.6 46 159 28.9 24 36 66.7 16 4 42
118 KEVIN LOVE 32 CAVALIERS USA FORWARD-CENTER 25 7 18 622 305 63 186 103 252 40.9 57 156 36.5 42 51 82.4 16 2 38
119 TAUREAN PRINCE 27 CAVALIERS USA FORWARD 29 9 20 688 292 69 108 101 253 39.9 49 118 41.5 41 49 83.7 20 15 36
120 JAVALE MCGEE 33 CAVALIERS USA CENTER-FORWARD 33 13 20 503 265 33 170 112 215 52.1 5 20 25.0 36 55 65.5 16 40 45
121 JERAMI GRANT 27 PISTONS USA FORWARD 54 15 39 1829 1205 152 250 400 932 42.9 115 329 35.0 290 343 84.5 35 58 109
122 SADDIQ BEY 22 PISTONS USA FORWARD 70 19 51 1909 857 95 318 279 691 40.4 175 460 38.0 124 147 84.4 52 14 60
123 JOSH JACKSON 24 PISTONS USA GUARD-FORWARD 62 16 46 1560 828 143 254 296 707 41.9 77 257 30.0 159 218 72.9 53 47 142
124 MASON PLUMLEE 31 PISTONS USA FORWARD-CENTER 56 14 42 1499 581 202 519 234 381 61.4 0 7 0.0 113 169 66.9 43 50 105
125 ISAIAH STEWART 20 PISTONS USA FORWARD-CENTER 68 20 48 1455 537 59 453 226 409 55.3 21 63 33.3 64 92 69.6 39 86 67
126 WAYNE ELLINGTON 33 PISTONS USA GUARD 46 13 33 1012 442 67 85 149 338 44.1 116 275 42.2 28 35 80.0 18 9 33
127 FRANK JACKSON 23 PISTONS USA GUARD 40 13 27 738 390 36 86 134 293 45.7 61 150 40.7 61 75 81.3 15 1 34
128 DELON WRGIHT 29 PISTONS USA GUARD 36 10 26 1052 374 181 164 136 293 46.4 31 89 34.8 71 90 78.9 58 19 48
129 SEKOU DOUMBOUYA 20 PISTONS FRANCE FORWARD 56 15 41 869 285 47 143 107 282 37.9 26 115 22.6 45 64 70.3 24 9 44
130 SABEN LEE 22 PISTONS USA GUARD 48 14 34 781 267 174 97 99 210 47.1 8 23 34.8 61 89 68.5 32 13 55
131 SVI MYKHAILIUK 24 PISTONS UKRAINE GUARD-FORWARD 36 9 27 634 249 57 74 84 223 37.7 57 171 33.3 24 30 80.0 27 6 39
132 BLAKE GRIFFIN 32 PISTONS USA FORWARD 20 6 14 626 245 77 104 81 222 36.5 39 124 31.5 44 62 71.0 14 2 32
133 DOMANTAS SABONIS 25 PACERS LITHUANIA FORWARD-CENTER 62 29 33 2231 1260 415 742 484 904 53.5 52 162 32.1 240 328 73.2 76 33 213
134 MALCOLM BROGDON 28 PACERS USA GUARD 56 27 29 1930 1186 329 294 444 980 45.3 145 374 38.8 153 177 86.4 49 15 115
135 DOUG MCDERMOTT 29 PACERS USA FORWARD 66 32 34 1619 899 85 221 354 665 53.2 111 286 38.8 80 98 81.6 20 6 53
136 JUSTIN HOLIDAY 32 PACERS USA FORWARD-GUARD 72 34 38 2183 756 119 256 258 625 41.3 173 453 38.2 67 85 78.8 74 41 54
137 CARIS LEVERT 26 PACERS USA GUARD 35 18 17 1152 726 173 162 272 614 44.3 62 195 31.8 120 146 82.2 53 24 76
138 T.J. MCCONNELL 29 PACERS USA GUARD 69 33 36	1796 596 456 256 274 490 55.9 15 48 31.3 33 48 68.8 128 23 135
139 MYLES TURNER 25 PACERS USA CENTER-FORWARD 47 22 25 1455 592 48 306 206 432 47.7 69 206 33.5 111 142 78.2 40 159 67
140 AARON HOLIDAY 24 PACERS USA GUARD 66 30 36 1176 475 123 89 170 436 39.0 67 182 36.8 68 83 81.9 46 13 66
141 EDMOND SUMNER 25 PACERS USA GUARD 53 23 30 861 399 49 94 148 282 52.5 35 88 39.8 68	83 81.9 33 10 51
142 JEREMY LAMB 29 PACERS USA GUARD-FORWARD 36 16 20 765 363 53 121 120	276	43.5 52	128	40.6 71 75 94.7 34 23 22
143 GOGA BITODZA 21 PACERS GEORGIA CENTER-FORWARD 45 19	26 561 231 37 150 83 194 42.8 20 79	25.3 45	61 73.8 9 60 17
144 OSHAE BRISSETT 23 PACERS CANADA FORWARD-GUARD 21 10 11 519 229 18 115 73 151 48.3 33 78	42.3 50 65 76.9 19 20 10
145 GIANNIS ANTETOKOUNMPO 26 BUCKS GREECE FORWARD 61 40	21 2013	1717 357 671 626 1100 56.9 67 221 30.3 398 581 68.5 72 73 207
146 KHRIS MIDDLETON 29 BUCKS USA FORWARD 68 45 23 2269 1385 370 406 511 1074 47.6 151 365 41.4 212 236 89.8 74 9 178
147 JRUE HOLIDAY 31 BUCKS USA GUARD 59 41 18 1907 1046 357 268 414 823 50.3	111	283	39.2 107 136 78.7 96 27 137
148 BROOK LOPEZ 33 BUCKS USA CENTER 70 46 24 1902 859 50 347 322 640 50.3 95 281 33.8 120 142 84.5 40 103 64
149 BOBBY PORTIS 26 BUCKS USA FORWARD 26 66	44 22 1372 754 313 598 52.3 74 157 47.1 54 73 74.0 52 26 56
150 BRYN FORBES 27 BUCKS USA GUARD 70 45 25	1354 701 45 112 250 529 47.3 154 341 45.2 47 61 77.0 24 1 44
151 DONTE DIVINCENZOVA 24 BUCKS USA GUARD 66 44	22 1815 688 203 380 253	603	42.0 131 346 37.9 51 71 71.8 72 15 91
152 PAT CONNAUGHTON 28 BUCKS USA GUARD 69 44 25 1575 468 81 332 168 387 43.4 101 272 37.1 31 40 77.5 49 23 33
153 D.J. AUGUSTIN 33 BUCKS USA GUARD 37 24 13 712 227 110 50 71 192 37.0 49 129 38.0 36 40 90.0 20 1 34
154 JORDAN NWORA 22 BUCKS USA FORWARD 30 19	11 274 171 7 60 62 135 45.9	28 62 45.2 19 25 76.0 17 8 24
155 THANASIS ANTETOKOUNMPO 28 BUCKS GREECE FORWARD 57 37 20 551 166 46 124 67 137 48.9 7 29	24.1 25	49 51.0	22 10 43
156 JEFF TEAGUE 33 BUCKS USA GUARD 21 12 9 334 138 59 31 45	96 46.9 10 26 38.5 38 44 86.4 8 5 25
157 TRAE YOUNG 22 HAWKS USA GUARD 63 36 27 2125 1594 594 245 487 1112 43.8 136 397 34.3 484 546 88.6 53 12 261
158 JOHN COLLINS 23 HAWKS USA FORWARD-CENTER 63 34 29 1848 1111 78 467 429 771 55.6 83 208 39.9 170 204 83.3 34 63 84
159 CLINT CAPELA 27 HAWKS SWITZERLAND CENTER 63	34 29 1898 956 49 903 413 695 59.4 0 0 0.0 130 227 57.3 44 129 73
160 KEVIN HUERTER 22 HAWKS USA GUARD-FORWARD 69 40 29 2126 822 241 231 316 731 43.2 140 386 36.3 50 64 78.1 82 18 79
161 BOGDAN BOGDANOVIC 28 HAWKS SERBIA GUARD 44 30 14 1305 720 147 160 267 565 47.3 146 333 43.8 40 44 90.9 49 13 54
162 DANILO GALLINARY 32 HAWKS ITALY FORWARD 51 29 22 1222 676 76 211 206 475 43.4 103 254 40.6 161 174 92.5 30 10 43
163 DEANDRE HUNTER 23 HAWKS USA FORWARD-GUARD 23 12 11 678 344 44 110 120 248 48.4 31 95 32.6 73 85 85.9 19 12 29
164 SOLOMON HILL 30 HAWKS USA FORWARD 71 41 30 1514 317 75 215 107 298 35.9 68 212 32.1 35 46 76.1 50 11 42
165 CAM REDDISH 29 HAWKS USA FORWARD-GUARD 26 10 16 750 292 35 104 96 263 36.5 33 126 26.2 67 82 81.7 33 9 34
166 TONY SNELL 29 HAWKS USA GUARD 47 29	18 992 249 59 112 88 171 51.5 62 109 56.9 11 11 100 13 11 21
167 LOU WILLIAMS 34 HAWKS USA GUARD 24 18 6 505 239 81 50 84 216 38.9 24 54 44.4 47 54 87.0 8 2 42
168 BRANDON GOODWIN 25 HAWKS USA GUARD 47 25 22	620 228 95 69 84 223 37.7 32 103 31.1 28 43	65.1 17 0 36
169 TERRY ROZIER 27 HORNETS USA GUARD 69 32 37 2383	1407 293 302 510 1134 45.0 222 571 38.9	165	202	81.7 87 26 128
170 GORDON HAYWARD 31 HORNETS USA FORWARD 44 24	20 1496	863 181 258 311	658	47.3 85	205	41.5 156 185 84.3 52 14 91
171 MILES BRIDGES 23 HORNETS USA FORWARD 66 31 35 1932 840 147 397 313 622 50.3	116	290	40.0 98	113	86.7 44 52 106
172 P.J. WASHINGTON 22 HORNETS USA FORWARD 64 31 33	1954 824 161 418 302 686 44.0 112 290 38.6 108 145 74.5 69 79 128
173 DEVONTE GRAHAM 26 HORNETS USA GUARD 55 23 32 1659 816 295 148 252 669 37.7 179 477 37.5 133 158	84.2 48 6 84
174 LAMELO BALL 19 HORNETS USA GUARD 51 23 28 1469 803 313 302 293 672 43.6	92 261 35.2	125	165	75.8 81 18 145
175 MALIK MONK 23 HORNETS USA GUARD 42 19 23 878 490 87 101 173	399	43.4 85	212	40.1 59	72 81.9 19 4 45
176 CODY ZELLER 28 HORNETS USA FORWARD-CENTER 48 21 27 1005 451 86 128 181 324 55.9 42 8 14.3 85 119 71.4 27 17 51
177 JALEN MCDANIELS 23 HORNETS USA FORWARD-CENTER 47 18	29 904 346 53 169 133 284 46.8 35 105 33.3 45 64 70.3 28 19 45
178 BISMACK BIYOMBO 28 HORNETS DRC CENTER 66 28	38 1349	331 81 347 142 242 58.7	0 1	0.0	47 105 44.8 17 74 71
179 CALEB MARTIN 25 HORNETS USA FORWARD 53 23 30 818 264 67 141 96 256 37.5	31 125 24.8	41 64 64.1 37 12 33
180 CODY AMRTIN 25 USA FORWARD 52 26 26	849	207 86 161 83 188 44.1 16 58 27.6 25 43	58.1 37 12 40
181 BAM ADEBAYO 23 HEAT USA CENTER-FORWARD 64 34 30	2143 1197 346 573 456 800 57.0 2 8 25.0	283	354	79.9 75 66 169
182 JIMMY BUTLER 31 HEAT USA FORWARD 52	33 19 1745 1116 369 359 366 736	49.7 25 102	24.5 359 416 86.3 108 19 109
183 DUNCAN ROBINSON 27 HEAT USA FORWARD 72 40 32 2262 942 127 250 315 717 43.9 250 613 40.8	62 75 82.7 43 20 81
184 KENDRICK NUNN 25 HEAT USA GUARD 56 31 25 1650 816 148 179 319 658 48.5 122 320 38.1	56 60 93.3 52 14 80
185 TYLER HERRO 21 HEAT USA GUARD 54 29	25 1635	815 184 268 307	699	43.9 107 297 36.0 94 117 80.3 35 17 101
186 GORAN DRAGIC 35 HEAT SLOVENIA GUARD 50 30 20 1336 672 219 169 240 555 43.2 91 244 37.3 101 122 82.8 33 8 118
187 KELLY OLYNYK 30 HEAT CANADA FORWARD-CENTER 43 21 22	1157 432 91 261 162	376	43.1 77	243	31.7 31	40 77.5 40 26 55
188 PRECIOUS ACHIUWA 21 HEAT NIGERIA FORWARD 61	31 30 737 304 29 208 124 228 54.4 0	1 0.0 56 110 50.9 20 28 43
189 TREVOR ARIZA 35 HEAT USA FORWARD 30	17 13 841 282 55 144 99	241	41.1 50	143	35.0 34	44 77.3 31 18 21
190 ANDRE IGOUDALA 37 HEAT USA GUARD-FORWARD 63	37 26 1339 275 142 221 95 248 38.3 60 182 33.0 25 38 65.8 57 35 67
191 GABE VINCENT 25 HEAT USA GUARD 50 27 23 655	242 67 56 88 233 37.8 46 149 30.9 20 23	87.0 21 2 34
192 MAX STRUS 25 HEAT USA GUARD-FORWARD 39 14 25 507 236 24 41 85 187 45.5 50 148 33.8 16 24 66.7 11 2 8
193 NIKOLA VUCEVIC 30 MAGIC MONTENEGRO CENTER 44 15 29 1500 1080 167 517 436 908 48.0 117 288 40.6 91 110 82.7 42 28 83
194 DWAYNE BACON 25 MAGIC USA GUARD-FORWARD 72 21 51 1853 788 93 224 292 726 40.2 59 207 28.5 145 176 82.4 45 5 46
195 TERRENCE ROSS 30 MAGIC USA GUARD-FORWARD 46 16 30 1346 717 108 158 254 616 41.2 89 264 33.7 120 138	87.0 47 21 74
196 COLE ANTHONY 21 MAGIC USA GUARD 47 13 34 1273 605 192 221 219 552 39.7 58 172 33.7 109 131 83.2 30 18 106
197 EVAN FOURNIER 28 MAGIC FRANCE GUARD-FORWARD 26 12 14 787 511 95 75 170 369 46.1 73 188 38.8	98 123 79.7 27 9 54
198 MO BAMBA 23 MAGIC USA CENTER 46 11 35 725 367 35 265 142 301 47.2 38 118 32.2 45 66	68.2 14 58 36
199 AARON GORDON 25 MAGIC USA FORWARD 25 10 15 736 364 105 166 128 293 43.7 42 112 37.5	66 105 62.9 16 20 67
200 CHUMA OKEKE 22 MAGIC USA FORWARD 45 15 30 1133 349 101 181 135 324 41.7 49 141 34.8 30 40 75.0 48 22 38
201 JAMES ENNIS_III 30 MAGIC USA FORWARD 41 12 29 986 345 62 166 115 243 47.3 45 104 43.3 70 87 80.5 32 7 36
202 R.J. HAMPTON 20 MAGIC USA GUARD 26 6 20 655 290 73 129 111 253 43.9	22 69 31.9 46 70 65.7 16 8 42
203 MICHAEL CARTER-WILLIAMS 29 MAGIC USA GUARD 31 12 19	800 274 129 139 105 270	38.9 15	61 24.6	49 80 61.3 25 17 69
204 CHASSON RADDLE 28 MAGIC USA GUARD 41 10 31 837 266 74 82 92	237 38.8 44 130	33.8 38	48 79.2 22 5 46
205 BRADLEY BEAL 27 WIZARDS USA GUARD 60 32 28 2147 1878 265 283 670 1382 48.5 130 373 34.9 408	459 88.9 69 22 187
206 RUSSELL WESTBROOK 32 WIZARDS USA GUARD 65 30 35 2369 1445 763 750 544 1238 43.9 86 273 31.5	271 413	65.6 89 23 312
207 RUI HACHIMURA 23 WIZARDS JAPAN FORWARD 57 29 28 1797 789 82 312 310	648 47.8 45 137	32.8 124 161 77.0 44 7 68
208 DAVIS BERTANS 28 WIZARDS LATVIA FORWARD 57 29 28 1464 655 49 168 193 478 40.4 169 428 39.5 100 115 87.0 33 13 33
209 ROBIN LOPEZ 33 WIZARDS USA CENTER 71 34 37 1354 642 55 272 269 425 63.3 5 18 27.8 99 137 72.3 15 44 75
210 RAUL NETO 29 WIZARDS BRAZIL GUARD 64 30 34 1403 557	146 156 209 447	46.8 64	164 39.0 75 85 88.2 73 6 53
211 ALEX LEN 28 WIZARDS UKRAINE CENTER 57 28 29	903 407 46 249 166 268 61.9 5 19 26.3 70 110 63.6 19 58 47
212 GARRISON MATHEWS 24 WIZARDS USA GUARD 64 32	32 1038	354 26 87 97 237 40.9 76 198 38.4 84 95	88.4 29 7 10
213 DENI AVDIJA 20 WIZARDS ISRAEL FORWARD 54 25 29 1257	342 63 262 130 312 41.7	53 168 31.5 29 45 64.4 32 15 33
214 ISH SMITH 32 WIZARDS USA GUARD 44 23 21 924	295 172 150 129	297 43.4 18 49 36.7 19 33 57.6 32 13 41
215 DANIEL GAFFORD 22 WIZARDS USA FORWARD-CENTER 23 17 6 408 233 12 128 94 138 68.1 0 0	0.0 45 67 67.2 15 41 19
216 MORTIZ WAGNER 24 WIZARDS GERMANY FORWARD-CENTER 25 10 15 375 178 32 73 62 122 50.8 13 42 31.0 41 52	78.8 22 8 21
217 NIKOLA JOKIC 26 NUGGETS SERBIA CENTER 72 47	25 2488 1898 599 780 732 1293 56.6 92 237 38.8 342 394 86.8 95 48 222
218 MICHAEL PORTER_JR 22 NUGGETS USA FORWARD 61	40 21 1912 1162 70 445 443 817 54.2	170	382	44.5 106 134 79.1 40 54 77
219 JAMAL MURRAY 24 NUGGETS CANADA GUARD 48 31 17 1704 1018 231 194 378	792	47.7 129 316 40.8 133 153 86.9 64 13 108
220 WILL BARTON 30 NUGGETS USA GUARD 56	37 19 1736 711 181 226 259 608 42.6	98 257 38.1	95 121 78.5 50 23 96
221 PAUL MILLSAP 36 NUGGETS USA FORWARD 56 38 18 1162 502 98 262 191 401 47.6 49 143 34.3 71 98	72.4 51 36 51
222 MONTE MORRIS 26 NUGGETS USA GUARD 47 30	17 1196	481 150 96 186 387 48.1	51 134 38.1	58 73 79.5 34 13 34
223 JAMYCHAL GREEN 31 NUGGETS USA FORWARD-CENTER 58	38 20 1120 471 53 277 173 374 46.3 79 198 39.9 46 57 80.7 26 22 53
224 FACUNDO CAMPAZZO 30 NUGGETS ARGENTINA GUARD 65 43 22 1425 396 232 134 120 315 38.1 76 216 35.2 80 91 87.9 79 14 73
225 PJ DOZIER 24 NUGGETS USA GUARD-FORWARD 50 36 14	1088 385 92 182 148	355	41.7 47	149	31.5 42	66 63.6 31 22 46
226 AARON GORDON 25 NUGGETS USA FORWARD 25 19 6	648	254 56 118 103 206 50.0	17 64 26.6 31 44 70.5 17 14 30
227 GARY HARRIS 26 NUGGETS USA GUARD 19	11 8 581 184 32 47 69 156 44.2 24 75 32.0 22 30	73.3 17 4 14
228 ZEKE NNAJI 20 NUGGETS USA FORWARD-CENTER 42	30 12 397 136 10 65 50 104 48.1	24 59 40.7 12 15 80.0 8 4 7
229 ANTHONY EDWARDS 19 TIMBERWOLVES USA GUARD 72 23	49 2314	1392 211 336 505 1211 41.7 171 520 32.9	211	272	77.6 82 36 160
230 KARL ANTHONY-TOWNS 25 TIMBERWOLVES USA CENTER-FORWARD 50 19	31 1689	1239 225 529 425 875 48.6 122 315 38.7 267 311 85.9 39 57 160
231 D'ANGELO RUSSELL 25 TIMBERWOLVES USA GUARD 42 16 26	1196 796 244 111 281 652 43.1 120 310 38.7 114 149 76.5 45 18 112
232 NAZ REID 21 TIMBERWOLVES USA CENTER-FORWARD 70 22 48 1347 784 72 322 304 581 52.3 61 174 35.1 115 166 69.3 34 76 69
233 MALIK BEASLEY 24 TIMBERWOLVES USA GUARD 37 8 29	1214 724 88 162 264	600	44.0 128 321 39.9 68 80	85.0 30 7 60
234 RICKY RUBIO 30 TIMBERWOLVES SPAIN GUARD 68 23 45 1772 582 433 223 193 498 38.8 66 214 30.8 130 150 86.7 98 4 111
235 JADEN MCDANIELS 20 TIMBERWOLVES USA FORWARD 63 18 45 1511 427 71 232 164 367 44.7 72 198 36.4 27 45	60.0 35 60 47
236 JAYLEN NOWELL 21 TIMBERWOLVES USA GUARD 42 10 32 759 379 62 95 142 335 42.4	50 150 33.3	45 55 81.8 22 12 28
237 JUANCHO HERNANGOMEZ 25 TIMBERWOLVES SPAIN FORWARD 52 19	33 900 375 35 205 130 299 43.5 55 168 32.7 60 97 61.9 19 7 27
238 JARRED VANDERBILT 22 TIMBERWOLVES USA FORWARD 64 18	46 1139	344 76 368 143 236 60.6	1 5	20.0 57	102	55.9 64 46 53
239 JOSH OKOGIE 22 TIMBERWOLVES NIGERIA GUARD 59 21	38 1197	316 63 156 102 254 40.2	29 108 26.9	83 108 76.9 54 28 43
240 JORDAN MCLAUGHIN 25 TIMBERWOLVES USA GUARD 51 15 36	938	256	193 108 100	242	41.3 33	92 35.9	23 30 76.7 51 6 51
241 SHAI G-ALEXANDER 22 THUNDER CANADA GUARD-FORWARD 35 16 19 1180 830 207 166 287 565 50.8 71 170 41.8 185 229 80.8 27 23 106
242 DARIUS BAZLEY 21 THUNDER USA FORWARD-GUARD 55 16 39	1714 754 99 396 273	690	39.6 83	286	29.0 125 178 70.2 29 25 122
243 LUGUENTZ DORT 22 THUNDER CANADA GUARD 52 18	34 1543	729 88 189 247 639 38.7	113	329	34.3 122 164 74.4 45 19 79
244 THEO MALEDON 20 THUNDER FRANCE GUARD 65	20 45 1778 658 227 211 226 614 36.8	105	313	33.5 101 135 74.8 56 11 141
245 ISAIAH ROBY 23 THUNDER USA FORWARD 61 19 42	1425 533 107 341 207 429 48.3 32 109 29.4 87 117 74.4 52 37 113
246 KENRICH WILLIAMS 26 THUNDER USA GUARD-FORWARD 66 21	45 1426	526 152 273 219	411	53.3 52	117	44.4 36	63 57.1 55 17 76
247 AL HORFORD 35 THUNDER DOMINICAN_REP CENTER-FORWARD 28 11 17 782 398 94 188 162	360	45.0 56	152	36.8 18 22 81.8 25 26 29
248 HAMIDO DIALLO 22 THUNDER USA GUARD 32 13 19	761	381 77 165 143 297 48.1	12 41 29.3 83 132 62.9 31 12 49
249 MOSES BROWN 21 THUNDER USA CENTER 43 8 35 920 370 10 383 146 268 54.5 0	0 0.0 78 126 61.9 31 47 43
250 ALEKSEJ POKUSEVKI 19 THUNDER SERBIA CENTER 45 13 32	1090 367 97 212 139	408	34.1 58	207	28.0 31	42 73.8	20 42 99
251 TY JEROME 23 THUNDER USA GUARD-FORWARD 33 7	26 788 353 120 91 128 287 44.6 71 168 42.3 26 34 76.5 20 6 47
252 MIKE MUSCALA 29 THUNDER USA FORWARD-CENTER 35 15 20	645	339 28 132 119 267 44.6	68 184 37.0	33 36 91.7 8 11 21
253 DAMIAN LILLARD 30 BLAZERS USA GUARD 67 39 28 2398 1928 505 283 602 1334 45.1 275 704 39.1 449 484 92.8 62 17 203
254 CJ MCCOLLUM 29 BLAZERS USA GUARD 47	28 19 1600 1087 223 187 405	884	45.8 169 420 40.2 108 133 81.2 44 21 65
255 CARMELO ANTHONY 37 BLAZERS USA FORWARD 69 39 30	1690 924 104 214 327 777 42.1 133 325 40.9 137 154 89.0 46 38 61
256 ENES KANTER 29 BLAZERS TURKEY CENTER 72	42 30 1757 806 84 795 339 561 60.4 1 4 25.0	127	164	77.4 33 48 78
257 GARY TRENT_JR 22 BLAZERS USA GUARD-FORWARD 41 24 17	1262 613 58 91 217 524 41.4	121	305	39.7 58	75 77.3 37 6 31
258 ROBERT COVINGTON 30 BLAZERS USA FORWARD 70 42 28 2243 593 117 466 204 509 40.1 135 356 37.9	50 62 80.6 101 84 64
259 ANFERNEE SIMONS 22 BLAZERS USA GUARD 64	37 27 1104 502 89 140 168 401 41.9 120 282 42.6	46 57 80.7 18 8 43
260 NORMAN POWELL 28 BLAZERS USA GUARD 27 15 12	928	460	52 89 156 352 44.3 53 147 36.1 95 108 88.0 35 10 42
261 JUSUF NURKIC 26 BLAZERS BOSNIA CENTER 37 22	15 880 424 125 332 171 333 51.4	12 30 40.0 70 113 61.9 38 39 73
262 DERRICK JONES_JR 24 BLAZERS USA FORWARD 58 32 26 1318 396 47 205 147 304 48.4 43 136 31.6 59 91	64.8 37 54 32
263 NASSIR LITTLE 21 BLAZERS USA FORWARD-GUARD 48 27 21	640	220 23 128 78 167 46.7 28 80 35.0 36 45	80.0 5 13 18
264 RODNEY HOOD 28 BLAZERS USA GUARD-FORWARD 38	23 15 726 180 47 73 73 201 36.3	25 84 29.8 9 12 75.0 20 4 31
265 KAWHI LEONARD 30 CLIPPERS USA FORWARD 52 36	16 1772	1292 269 337 465 908 51.2 101 254 39.8 2612 95 88.5 81 21 105
266 PAUL GEORGE 31 CLIPPERS USA FORWARD 54 38 16 1821 1259 280 359 445 953 46.7	171 416	41.1 198 228 86.8 62 24 179
267 MARCUS MORRIS_SR 31 CLIPPERS USA FORWARD 57	38 19 1502 765 58 234 276 584 47.3 140 296 47.3	73 89 82.0 34 15 57
268 REGGIE JACKSON 31 CLIPPERS USA GUARD 67 43 24 1544 715 205 192 263 585 45.0	122 282	43.3 67	82 81.7 41 7 74
269 IVICA ZUBAC 24 CLIPPERS CROATIA CENTER 72 47 25 1608 650 90 519 257	394 65.2 1 4 25.0 135 171 78.9 24 62 81
270 NICOLAS BATUM 32 CLIPPERS FRANCE GUARD-FORWARD 67 44 23 1835 540 148 316 191 412 46.4 110 272 40.4 48 58 82.8 69 37 53
271 LUKE KENNARD 25 CLIPPERS USA GUARD 63 44 19	1232 520 104 161 197 414 47.6 100 224 44.6 26 31 83.9 23 9 48
272 LOU WILLIAMS 34 CLIPPERS USA GUARD 42 26 16	918 510 144 88 181 430 42.1 45 119 37.8	103 119	86.6 39 4 66
273 TERANCE MANN 24 CLIPPERS USA GUARD-FORWARD 67 45 22	1263 472 104 242 178 350 50.9 38 91 41.8 78 94 83.0 29 13 40
274 SERGE IBAKA 31 CLIPPERS R_CONGO FORWARD 41 24	17 955 454 74 275 186 365 51.0 39 115 33.9 43 53 81.1 9 47 44
275 PATRICK BEVERLEY 32 CLIPPERS USA GUARD 37 25 12 832	278 76 119 93 220 42.3 56 141 39.7 36 45 80.0 29 28 34
276 PATRICK PATTERSON 32 CLIPPERS USA FORWARD 38 26 12 582 197 29 75 72	165 43.6 40 112	35.7 13	17 76.5 14 8 11
277 LEBRON JAMES 36 LAKERS USA FORWARD 45 30 15	1504 1126 350 346 422 823 51.3 104 285 36.5 178	255 69.8 48 25 168
278 DENNIS SCHRODER 27 LAKERS GERMANY GUARD 61 38 23 1956 941 351 211 332 760 43.7 71 212 33.5 206 243 84.8 70 13 163
279 MONTREZL HARRELL 27 LAKERS USA FORWARD-CENTER 69 41	28 1580	931 73 428 375 603 62.2	0 10 0.0 181 256 70.7 46 49 74
280 KYLE KUZMA 25 LAKERS USA FORWARD 68	40 28 1954 874 127 417 335 757 44.3 137	380 36.1 67 97 69.1 35 41 113
281 ANTHONY DAVIS 28 LAKERS USA FORWARD-CENTER 36 23 13	1162 786 110 286 301 613 49.1 26 100 26.0 158 214 73.8 45 59 74
282 K CALDWELL-POPE 28 LAKERS USA GUARD 67 39 28 1902 653 127 179 218 506 43.1	120 293	41.0 97	112 86.6 62 26 66
283 TALEN HORTON-TUCKER 20 LAKERS USA FORWARD 65 39 26 1304 585 181 169 224 489	45.8 37	131 28.2 100 129 77.5 63 21 105
284 MARKIEFF MORRIS 31 LAKERS USA FORWARD 61 32	29 1200	407 73 266 153 378 40.5	65 209 31.1 36 50 72.0 22 19 54
285 ALEX CARUSO 27 LAKERS USA GUARD 58 32 26 1216 370 160 170 133 305 43.6 55 137 40.1 49 76 64.5 64 15 76
286 WESLEY MATTHEWS 34 LAKERS USA GUARD 58 33 25 1130 279 54 93 89 252 35.3 66 197 33.5	35 41 85.4 38 17 26
287 MARC GASOL 36 LAKERS SPAIN CENTER 52 32 20 993 262 109 215 88 194 45.4 50 122 41.0 36 50 72.0 26 58 53
288 ANDRE DRUMMOND 27 LAKERS USA CENTER 21 10 11 520 250 30 214 102 192	53.1 0 0 0.0 46	76 60.5 23 20 43
289 DE'AARON FOX 23 KINGS USA GUARD 58 24 34 2036 1461 417 203 529 1110 47.7 103 320 32.2 300 417 71.9 87 27 174
290 BUDDY HIELD 28 KINGS BAHAMAS GUARD 71 31 40	2433 1176 257 334 403 992 40.6 282 721 39.1 88 104 84.6 63 30 130
291 HARRISON BARNES 29 KINGS USA FORWARD 58 25 33 2102 933 201 385 319 642 49.7	100 256	39.1 195 235 83.0 43 11 93
292 RICHAUN HOLMES 27 KINGS USA FORWARD 61 29 32 1781 869 101 504 366 575 63.7 2 11 18.2 135 170 79.4 39 96 75
293 TYRESE HALIBURTON 21 KINGS USA GUARD 58 25 33 1746 753 309 173 292 619 47.2	121 296	40.9 48	56 85.7 77 28 92
294 MARVIN BAGLEY_III 22 KINGS USA FORWARD 43 20 23 1112 608 43 318 247	490 50.4 37 108	34.3 77	134 57.5 21 21 59
295 TERENCE DAVIS 24 KINGS USA GUARD 27 11 16 581 299 46 88 108 246 43.9 54 145 37.2 29 37 78.4 27 7 34
296 HASSAN WHITESIDE 32 KINGS USA CENTER 36 16 20 546 293 20 215 126 224 56.3 0	1 0.0 41 79 51.9 9 46 40
297 CORY JOSEPH 29 KINGS CANADA GUARD 44 19 25 944 289 108 99 111 250 44.4 31 94 33.0 36 47 76.6 39 9 44
298 DELON WRIGHT 29 KINGS USA GUARD 27 11 16 696 271 97 105 104	225 46.2 33 83 39.8 30 36 83.3 43 11 35
299 CHIMEZIE METU 24 KINGS USA FORWARD-CENTER 36 14 22 488 226 28 112 91 179 50.8 13 37	35.1 31	43 72.1 14 18 29
300 NEMANJA BJELICA 33 KINGS SERBIA FORWARD 26 10 16 439 187 49 100 69 150 46.0	17 58 29.3 32 42 76.2 8 2 28